a:
  alpha: 2.0
  beta: 1.0
  p: 0.6666666666666666
b:
  alpha: 1.0
  beta: 2.0
  p: 0.3333333333333333
