version: 3
features:
- log_odds
- n_runners
intercept: -0.1880030158067604
coefficients:
  log_odds: -1.3840725910874496
  n_runners: 0.0621932691624036
metadata:
  regularization: 1.0
  n_train_samples: 7337
  n_test_samples: 8189
  train_brier_score: 0.06167994949435037
  train_log_loss: 0.22109254777924958
  test_brier_score: 0.06232643039822047
  test_log_loss: 0.22404875807733146
  fitted_at: '2025-10-15T11:57:45.073699Z'
